2.62648 2.73539 
2.03079 2.51141 
2.70344 2.86057 
2.234 3.18343 
1.0954 3.71631 
2.13 3.62085 
3.10163 2.61183 
2.42219 2.56019 
1.865 1.67627 
2.01834 2.40459 
1.70439 1.80095 
1.85529 2.73302 
2.11604 3.53337 
1.89931 3.13073 
1.61979 3.82756 
0.60344 3.28389 
0.904095 3.44556 
0.880953 3.55388 
1.28327 3.29497 
1.98887 3.16377 
0.544578 1.80387 
0.476859 2.44115 
1.22553 1.08223 
1.67598 1.72401 
1.29006 2.81702 
1.64689 1.97001 
2.67142 3.10159 
3.29094 2.75881 
2.77575 2.72984 
2.12181 1.88321 
1.5705 1.92311 
3.0859 2.22015 
2.38606 2.17475 
1.84912 1.14992 
1.63177 1.94125 
2.47455 2.78599 
1.99125 2.80523 
2.72065 3.43812 
3.01189 2.67571 
2.54675 3.19905 

0.108217 1.02975 
-0.401508 0.820782 
-0.927787 1.33561 
-0.727677 0.368138 
-0.878668 0.747946 
-1.78288 1.455 
-1.46631 2.02837 
-0.590332 2.55088 
-0.530974 3.56219 
-0.508424 3.10031 
-1.40673 3.15303 
-1.79562 1.98209 
-2.33375 1.95956 
-3.03115 2.30183 
-3.67061 2.74208 
-4.32589 1.93419 
-4.38095 1.62929 
-4.146 1.77527 
-3.19785 1.75256 
-2.00323 1.78909 
-2.80997 1.38395 
-3.27092 0.554728 
-2.43117 1.97745 
-3.03244 2.2126 
-2.36992 1.79461 
-2.32237 1.99487 
-1.13748 2.19118 
-1.23294 2.76681 
-1.15846 1.9814 
-0.867861 0.957019 
-1.45384 0.685112 
-1.67873 1.67341 
-2.44674 1.29685 
-1.77049 1.59036 
-1.15509 1.79371 
-0.862019 2.12573 
0.0274584 2.30456 
0.612748 2.4227 
-0.123893 1.80672 
0.173138 0.486868 

1.06123 -3.47351 
0.730022 -3.92277 
1.41359 -2.88255 
1.85007 -2.73303 
2.39326 -3.20469 
3.11978 -2.57803 
2.91167 -2.63721 
2.21575 -1.49151 
2.80001 -1.31682 
4.00425 -1.26359 
3.97545 -1.2324 
3.00718 -0.756964 
2.4322 -0.802257 
1.86828 -0.847109 
2.22378 -0.739662 
2.62631 -0.539944 
2.3341 -0.241469 
2.15478 -0.544709 
2.77019 -0.470626 
2.88475 -0.137889 
2.84595 -0.200344 
2.53918 -0.40871 
1.81357 -0.521751 
1.36209 -0.383857 
1.9492 -0.412117 
2.0808 -1.16353 
3.26533 -1.7841 
3.69671 -1.43709 
3.61622 -1.7234 
4.17446 -1.59765 
3.95028 -0.824984 
3.83377 -0.666245 
3.31893 -0.199607 
3.21136 -0.00257749 
3.29532 -0.433038 
3.72264 -0.0823579 
2.61539 -1.48934 
2.10198 -1.91944 
1.64676 -2.58417 
1.02048 -2.39064 

-2.55281 -1.32697 
-2.02422 -0.973486 
-3.04739 -1.22824 
-4.07621 -0.795315 
-4.44934 -0.998485 
-4.26429 -0.980125 
-2.6658 -1.17394 
-2.81894 -0.547519 
-3.81404 -0.250711 
-4.57095 -0.380637 
-3.64987 -0.568562 
-3.39576 -0.39353 
-3.58943 0.0913351 
-3.82301 -0.691656 
-3.57923 -0.399732 
-3.65742 -0.122021 
-3.18712 -0.753205 
-3.23859 -0.267949 
-3.31904 -1.07539 
-4.5763 -1.12139 
-4.05651 -1.40105 
-3.62123 -2.31705 
-4.24333 -2.19724 
-4.22083 -1.29728 
-4.5466 -0.965337 
-3.32036 -0.29584 
-3.7176 -1.1096 
-3.57655 -1.47827 
-2.34545 -1.08229 
-1.9711 -1.57652 
-2.72655 -0.391806 
-3.46826 -0.476135 
-2.97141 -0.793979 
-2.62395 -1.36598 
-3.42723 -0.862121 
-3.83066 -0.239699 
-4.42355 0.295112 
-3.93334 0.21147 
-3.55214 -0.167987 
-3.5382 -0.595683 

-1.61302 -2.65906 
-0.461371 -1.59665 
-0.499166 -1.60275 
-0.839859 -1.92926 
-1.01495 -1.43362 
-1.14574 -0.285226 
-0.0687798 -0.526371 
0.209574 -0.972879 
0.427425 -0.975906 
-0.430989 -0.842698 
-0.291903 -0.325169 
-0.635115 0.304625 
-0.810868 -0.947202 
-0.626119 -0.825639 
-0.433039 -0.865587 
-0.0299094 -0.676615 
-1.37747 -0.561226 
-1.09474 -0.571735 
0.565901 -0.543337 
0.502486 0.189263 
0.0532092 0.138572 
0.646701 -0.670174 
-0.36093 0.0692542 
-0.512513 -0.503854 
-0.375072 -0.441368 
-0.163239 -0.15339 
0.884325 -0.778726 
-0.0867363 -0.175405 
0.127351 -0.984949 
-0.351531 -1.17492 
-0.110966 -0.473042 
0.616632 -0.616363 
0.264747 -0.279495 
0.620554 -1.35201 
1.53794 -0.89288 
0.935486 -1.02859 
-0.169204 -1.31071 
-0.514297 -1.37692 
-0.581805 -1.70537 
-1.05011 -1.72411 

